-0.997074 -0.994318 -0.991891 -0.989936 -0.988564 -0.987857 -0.987856 -0.988560 -0.989930 -0.991885 -0.994313 -0.997071 
-0.994319 -0.988967 -0.984256 -0.980458 -0.977795 -0.976423 -0.976420 -0.977787 -0.980447 -0.984243 -0.988957 -0.994313 
-0.991894 -0.984259 -0.977537 -0.972119 -0.968320 -0.966362 -0.966357 -0.968309 -0.972103 -0.977520 -0.984245 -0.991886 
-0.989942 -0.980468 -0.972127 -0.965404 -0.960690 -0.958260 -0.958255 -0.960676 -0.965384 -0.972106 -0.980450 -0.989932 
-0.988575 -0.977813 -0.968340 -0.960703 -0.955349 -0.952588 -0.952582 -0.955333 -0.960680 -0.968315 -0.977793 -0.988564 
-0.987873 -0.976450 -0.966394 -0.958289 -0.952605 -0.949675 -0.949669 -0.952588 -0.958265 -0.966368 -0.976429 -0.987861 
-0.987876 -0.976456 -0.966402 -0.958299 -0.952617 -0.949687 -0.949681 -0.952600 -0.958275 -0.966377 -0.976435 -0.987864 
-0.988584 -0.977830 -0.968362 -0.960732 -0.955381 -0.952623 -0.952617 -0.955365 -0.960709 -0.968338 -0.977810 -0.988572 
-0.989954 -0.980490 -0.972159 -0.965444 -0.960736 -0.958308 -0.958303 -0.960722 -0.965424 -0.972138 -0.980473 -0.989944 
-0.991907 -0.984283 -0.977571 -0.972162 -0.968369 -0.966413 -0.966409 -0.968357 -0.972146 -0.977554 -0.984269 -0.991899 
-0.994329 -0.988987 -0.984284 -0.980493 -0.977836 -0.976465 -0.976462 -0.977828 -0.980482 -0.984272 -0.988977 -0.994323 
-0.997080 -0.994329 -0.991907 -0.989956 -0.988587 -0.987882 -0.987880 -0.988583 -0.989950 -0.991901 -0.994324 -0.997077 
